56
3
28
85
81
35
56
11
13
93
97
79
63
17
38
57
45
42
7
68
77
21
81
59
92
35
93
13
96
24
59
90
55
66
9
10
81
10
22
11
21
25
99
91
45
100
80
93
59
58
88
4
35
87
9
47
7
10
17
70
100
22
40
58
29
30
25
43
10
81
53
63
54
26
2
10
32
51
52
96
22
40
15
63
18
26
22
16
4
38
51
76
38
54
3
82
54
14
73
66
82
92
51
14
2
94
27
38
33
53
20
36
9
92
32
93
30
95
64
92
37
96
4
38
56
83
39
5
21
53
85
68
22
61
24
33
66
19
65
89
82
45
90
57
39
10
80
6
32
26
60
3
27
52
3
32
69
13
72
52
33
59
21
80
96
76
79
62
73
30
4
37
9
55
66
57
88
50
71
1
90
24
22
7
56
100
95
23
48
87
31
68
51
31
47
22
9
48
77
67
94
48
86
99
79
26
62
69
47
18
2
21
20
92
49
18
36
51
3
37
86
44
41
83
23
96
8
87
60
62
68
42
12
2
16
55
23
38
20
88
75
35
79
93
19
87
45
83
96
68
92
48
91
69
14
53
96
43
94
90
56
66
34
67
62
86
99
24
86
23
28
4
6
38
87
88
10
56
83
44
63
73
57
45
2
22
4
92
86
37
57
76
94
19
56
55
99
6
87
86
39
12
97
77
50
9
24
82
58
10
37
55
67
45
41
98
27
19
22
69
30
79
97
10
14
4
22
92
59
16
83
75
48
73
31
3
98
57
49
89
59
52
80
14
38
28
34
72
43
40
73
77
73
13
39
67
81
11
38
91
76
79
86
81
6
62
94
14
89
3
75
17
76
75
21
60
43
12
41
57
25
47
61
29
84
79
66
38
69
42
80
50
46
49
87
94
29
31
54
4
74
45
66
30
70
46
89
92
99
18
63
69
93
53
93
27
65
31
84
68
2
63
26
25
79
43
68
97
22
58
36
95
55
98
81
60
74
11
66
3
18
1
36
47
38
50
22
12
22
75
23
21
22
39
84
87
29
65
80
65
58
48
83
90
79
8
34
14
8
71
22
92
50
94
93
41
21
26
99
94
99
56
50
58
63
35
41
9
59
1
65
6
99
63
86
55
67
31
27
5
19
74
63
2
91
50
31
8
39
81
14
88
75
41
59
46
95
28
18
1
58
33
58
31
84
26
72
46
72
88
6
39
100
13
63
74
4
98
61
74
41
1
35
48
58
14
37
87
72
93
73
86
91
66
4
74
57
55
56
89
94
28
4
74
44
16
55
58
79
85
3
96
59
83
88
22
92
96
34
3
97
51
86
2
96
33
94
35
30
40
49
52
15
24
83
95
60
54
20
87
53
17
5
44
94
66
19
97
51
58
66
30
89
76
86
85
29
79
66
92
100
100
93
18
79
98
67
44
65
82
89
68
67
36
85
95
39
29
75
19
54
74
16
78
70
64
38
99
95
48
48
60
49
18
20
46
46
48
13
16
6
38
44
49
78
68
45
52
66
88
58
35
41
12
48
19
27
68
87
14
7
48
10
42
28
31
28
53
22
53
85
41
63
49
12
4
29
59
94
89
78
21
52
89
45
76
43
41
6
16
30
51
82
8
79
10
42
99
25
1
32
35
83
18
4
3
43
37
21
17
95
28
26
6
28
9
3
57
17
75
17
69
41
59
1
27
50
49
19
67
85
98
20
14
49
16
43
11
6
66
56
49
70
60
9
77
74
38
73
35
85
23
6
5
16
22
35
84
71
57
76
43
56
16
25
17
53
93
83
37
6
32
67
99
93
51
80
5
39
78
22
19
7
37
96
25
3
14
25
46
62
15
91
87
81
66
62
18
62
36
94
24
7
13
26
93
38
53
9
35
73
34
37
44
92
56
63
40
73
7
35
9
44
81
4
94
81
83
89
66
98
87
43
85
9
54
17
26
24
46
99
79
47
52
92
46
38
65
2
66
38
28
6
38
72
15
30
98
18
17
8
2
84
89
10
94
60
45
96
74
17
43
1
81
13
60
31
25
34
19
36
4
34
60
76
14
82
15
21
4
72
67
42
84
97
78
43
5
15
94
38
45
46
14
5
94
47
20
4
25
16
14
33
96
26
7
91
56
98
84
65
6
83
8
81
7
38
84
30
37
84
20
38
97
61
42
97
40
16
10
41
58
50
74
89
13
37
13
13
13
61
28
12
21
85
16
77
18
58
34
28
65
100
72
63
65
77
83
28
78
58
54
75
73
2
26
5
37
19
33
0
